-1.069659939599085355e-08 3.705743870751944564e-03
1.561823152627781451e-02 3.148960916188815740e-02
3.339525397858070926e-02 5.974528817762348593e-02
3.862494636944116544e-02 6.770647418167101417e-02
4.200169491542683070e-02 7.260146253845448094e-02
4.746351121642038845e-02 8.014009646798435360e-02
5.098506890416960868e-02 8.476706266507226528e-02
5.637053312145261924e-02 9.151171738874402939e-02
6.002880970549846068e-02 9.587712279400180393e-02
6.561683006678024899e-02 1.022278248074460633e-01
6.909048439498849392e-02 1.059917598635225083e-01
7.519399471758005105e-02 1.122830469824829536e-01
7.845845597168542296e-02 1.154869958708472505e-01
8.475852583944000485e-02 1.213698375411155078e-01
8.812513012118387834e-02 1.243579785416774469e-01
9.427203721300546346e-02 1.295479913761872492e-01
9.773477751450554418e-02 1.323261784921749840e-01
1.040525323250558604e-01 1.371368705193113102e-01
1.072518395738191743e-01 1.394502896672143444e-01
1.104777973875198382e-01 1.417022308553095300e-01
1.137301787681187087e-01 1.438925490465733648e-01
1.170087567175756710e-01 1.460210992039824573e-01
1.203133042378505546e-01 1.480877362905133332e-01
1.266252797318974943e-01 1.518219478356223340e-01
1.300035753443080366e-01 1.537089102254725059e-01
1.364530635847633622e-01 1.571025930462112974e-01
1.395186522973507204e-01 1.586222094943727234e-01
1.429905292287145246e-01 1.602723862733399229e-01
1.488307214665434142e-01 1.628825536786397410e-01
1.523667052978410485e-01 1.643643414294014005e-01
1.583123971953225018e-01 1.666930009757011943e-01
1.615099021209232821e-01 1.678626976227026169e-01
1.647256145078956902e-01 1.689819982701326329e-01
1.708035949919089747e-01 1.709444993820461167e-01
1.740707657666632491e-01 1.719183441156316994e-01
1.802439953166214692e-01 1.736073260415006148e-01
1.835613067072684179e-01 1.744348728904831780e-01
1.894077279798084823e-01 1.757600987281736360e-01
1.927717668837974629e-01 1.764469206147086799e-01
1.986989063398551247e-01 1.775252037140210570e-01
2.021084670830947672e-01 1.780705302905714882e-01
2.076836001851557478e-01 1.788464940981966123e-01
2.111354888785653416e-01 1.792560383501067001e-01
2.167785123209390319e-01 1.798107855802904831e-01
2.202716304061014263e-01 1.800838455999900500e-01
2.259807590313598069e-01 1.804162356529312172e-01
2.295140079498588226e-01 1.805521095328501691e-01
2.352874566005745682e-01 1.806610018087472513e-01
2.388597377939926936e-01 1.806589876413156603e-01
2.446957213127387842e-01 1.805432415403672997e-01
2.483059362226591738e-01 1.804026374180149883e-01
2.542026694520083119e-01 1.800611123404198821e-01
2.578497195200137315e-01 1.797812163555768394e-01
2.638054173025375926e-01 1.792127717015335187e-01
2.674882039702122238e-01 1.787928819466296504e-01
2.739650479647172676e-01 1.779292417124209158e-01
2.776840947024953321e-01 1.773619389778147426e-01
2.842233388548527362e-01 1.762396519750318580e-01
2.879774399886442793e-01 1.755241659131860921e-01
2.945769743691959430e-01 1.741418840336388107e-01
2.983649242249105660e-01 1.732774442970163309e-01
3.054995747638200587e-01 1.715100333923691434e-01
3.093216227950542629e-01 1.704890456923425224e-01
3.170002134593064014e-01 1.682830219462593258e-01
3.247237340727447408e-01 1.658575879778885764e-01
3.286019445404611550e-01 1.645623375000025423e-01
3.324909092115375664e-01 1.632119288741331609e-01
3.363904686579953229e-01 1.618062602361432789e-01
3.403004634518548843e-01 1.603452297218956879e-01
3.447114825896218093e-01 1.586352688178649661e-01
3.525847008373462765e-01 1.554215631720528012e-01
3.570306552152362478e-01 1.535158515589687966e-01
3.654615298360076592e-01 1.497230386533769386e-01
3.699419588426285932e-01 1.476125591479822974e-01
3.744338799895014502e-01 1.454309164326612058e-01
3.834512907118419744e-01 1.408535612241454960e-01
3.925119460187070364e-01 1.359898127316427341e-01
3.970579228962359264e-01 1.334501784113376055e-01
4.016140299257758839e-01 1.308385106589655955e-01
4.061800401092857671e-01 1.281546644375030908e-01
4.112647234751181102e-01 1.250877829149366072e-01
4.204462631960375063e-01 1.193417546516215150e-01
4.255627384457788542e-01 1.160238075153769699e-01
4.353134350722290269e-01 1.094714714693967444e-01
4.404602640517005785e-01 1.058918477406220332e-01
4.451008489715773120e-01 1.025927108717095415e-01
4.476823190128982333e-01 1.007280862264102322e-01
4.487155688660816044e-01 9.997587477484981555e-02
4.687799679256395291e-01 8.413656104153788284e-02
4.882945501318542436e-01 6.725083267923186170e-02
5.078092168684271712e-01 4.895948765683257736e-02
5.273568504247866384e-01 2.926251662786347532e-02
5.508007394341764007e-01 3.906548253581746018e-03
5.742447129738733613e-01 -2.316537719958246949e-02
6.015850264969082595e-01 -5.658998616665723153e-02
6.406472422594846616e-01 -1.064439443757796422e-01
6.836057980053980021e-01 -1.609528920357810033e-01
7.077664175893150222e-01 -1.893381706553736721e-01
7.086655006379076749e-01 -1.903215359022746578e-01
7.153553033199820943e-01 -1.976048255455553626e-01
7.237035181754818414e-01 -2.064379131225840269e-01
7.287341270160285767e-01 -2.115347639933247981e-01
7.345455845206692036e-01 -2.171570986709447371e-01
7.387440110123572046e-01 -2.210228116786957242e-01
7.439056001497733606e-01 -2.255352772917463278e-01
7.477658358596550592e-01 -2.287311626371612561e-01
7.525429387621973554e-01 -2.324700856876835975e-01
7.561956645550436118e-01 -2.351666273278752994e-01
7.607183252571789733e-01 -2.383104863012425190e-01
7.642621555977123782e-01 -2.406241097223978942e-01
7.686259620274222826e-01 -2.432941053898249328e-01
7.720224694513410091e-01 -2.452372981122568352e-01
7.730304394937324020e-01 -2.457915009791558636e-01
7.734523008306293246e-01 -2.460204169486413239e-01
7.812779476172173609e-01 -2.496896568476994205e-01
7.891035944037281258e-01 -2.525374348925412682e-01
7.970871987912139245e-01 -2.545298087491912886e-01
7.988006521319334086e-01 -2.548532474245234214e-01
8.020130853321610909e-01 -2.553245422796823205e-01
8.037009013805580526e-01 -2.555016413456151492e-01
8.068643593678243020e-01 -2.557029139807168727e-01
8.085259566007056975e-01 -2.557404467759882838e-01
8.116393409423178218e-01 -2.556844912753153953e-01
8.132741378364913842e-01 -2.555892311386636084e-01
8.163363500997542488e-01 -2.552888415864988381e-01
8.179437651320292657e-01 -2.550675618566613512e-01
8.195415663394712835e-01 -2.548042380677199570e-01
8.228828173219312481e-01 -2.541139140550323638e-01
8.261802553581445441e-01 -2.532474617671640060e-01
8.278979293124960614e-01 -2.527232730673983907e-01
8.314645238182802878e-01 -2.514755063727939777e-01
8.351412746817842292e-01 -2.499640554255395664e-01
8.389187660498308441e-01 -2.481730928435085248e-01
8.429464291983668200e-01 -2.459975640326094171e-01
8.468910702297131055e-01 -2.436006017628727927e-01
8.512086603520454542e-01 -2.406745960703310649e-01
8.554181358915775579e-01 -2.375170842357211265e-01
8.600938882764028737e-01 -2.336563730009144912e-01
8.646225571962279366e-01 -2.295616877663783639e-01
8.671041215120435242e-01 -2.271693003501449870e-01
8.719224330208473761e-01 -2.222230323484168379e-01
8.770450972145594770e-01 -2.165276611912488880e-01
8.821557046595202012e-01 -2.103968950612465083e-01
8.876510468489172689e-01 -2.033055713526263908e-01
8.930748767434973923e-01 -1.958041023649705059e-01
8.988916064397955985e-01 -1.872189434657348106e-01
9.046419292811780366e-01 -1.782199747646798782e-01
9.111432376732279126e-01 -1.675723013322685806e-01
9.152247039250072103e-01 -1.608551871255408383e-01
9.168533372820827365e-01 -1.582862403578107202e-01
9.175705323840486205e-01 -1.572088672462104431e-01
9.179046056624491357e-01 -1.567247963524589505e-01
9.336306397447052818e-01 -1.284410272895079586e-01
9.531782733010624176e-01 -9.059874526637039238e-02
9.961368290469717612e-01 -3.870014936272879718e-03
